,0
0,0.5243068429454601
1,0.2299035408224223
2,8.523569485514186e-09
3,0.0075401207241640195
4,18.606526420474616
5,2.620800025536561
6,29.995544409409913
7,5.852518469821131
8,29.99999998489931
9,6.354951890467894
10,2.009940635343944e-05
11,29.999869602114977
12,2.91423678484302e-10
13,29.999590503602548
14,29.95049596840358
15,0.00013878944055872622
16,29.999998591129703
17,7.33681720512199e-06
18,0.4993539880607839
19,29.999999999999993
20,29.999999999978797
21,0.09506753021615565
22,1.867048247958132e-15
23,2.5449625276235914
24,9.3918684245081e-05
25,2.2854566563839828e-06
26,29.993010023947058
27,29.94367968145238
28,29.998467352993973
29,29.931028129873333
30,2.2774604895476704
31,24.262057941284386
32,0.0005775097739393639
33,2.79208090211232
34,0.031193467464363626
35,0.018475105914867895
36,29.99080209811383
37,29.717539834456964
38,24.560167969616295
39,0.026456691177606458
40,28.987064886261642
41,29.532642938458345
42,2.1650672373311134e-10
43,7.581474334221429
44,29.79650072574011
45,29.95971298892547
46,0.38445295292627324
47,0.0007320158363366325
48,5.63009239295495e-05
49,29.997177700922823
50,0.003636084082127522
51,29.712706179608315
52,29.99719231781001
53,0.001171849483121908
54,1.2115815859666017
55,0.5716332013931125
56,28.737628952730127
57,25.55859537777733
58,17.973176981123444
59,16.702816712197112
60,3.1154401675781753
61,29.99999680797747
62,18.990424136001867
63,0.0023954698536701076
64,0.007342732685772129
65,0.00034615894850510963
66,29.999876645463488
67,29.45521000415965
68,0.00351817642987469
69,29.993447053641383
70,29.79963953846169
71,29.99902499851357
72,28.25582598488168
73,6.42547409838988e-09
74,0.021390355754650495
75,29.918675315478264
76,29.999999099440927
77,29.992977668649544
78,28.03745460914231
79,0.10750493044227734
80,1.620772061209747
81,29.92989811558609
82,0.8596441048966519
83,29.991549835765415
84,0.06440053098900153
85,0.00012299877338628189
86,11.961945159432489
87,29.99999999999718
88,0.001034587770524735
89,1.19191475453273
90,0.7914016639181516
91,29.374740821124455
92,29.765369634599246
93,0.9181312005104411
94,29.99991323353207
95,29.99997851488072
96,29.981452580178484
97,29.999999986825472
98,29.999903355082008
99,18.085316704384113
100,0.0009658858198362026
101,2.0303810220342595
102,0.20436711786114028
103,5.9443430706628
104,9.120043045960848
105,29.073803052101283
106,0.1160507027908888
107,29.982232799262036
108,29.913708799329076
109,29.993199316043757
110,2.321665036788138e-05
111,0.00014902695687682216
112,0.6142114886953998
113,29.999992918427484
114,0.12451497220570205
115,0.001872297981752096
116,0.017794363904687447
117,24.659849360904648
118,29.795825723577323
119,3.891350580398682
120,0.6421089157673379
121,29.674853566811755
122,0.00011682519082058474
123,29.999999325355827
124,29.99999999452772
125,29.909153335937507
126,27.41636459162574
127,29.92072457265877
128,0.05469055592341959
129,29.999998920924586
130,29.82214381011798
131,28.84152007736558
132,0.0001829019070287725
133,29.999999999999957
134,29.999999830658318
135,29.9999995898265
136,29.999666797837335
137,29.99999999352149
138,20.481783992705992
139,0.008433919031111688
140,6.662590781577053e-08
141,0.18141787806937165
142,29.995774345959994
143,2.0573983026452627
144,26.48974863116508
145,1.4260803258165152e-09
146,0.8368441368912222
147,29.97853898817464
148,0.098140901309934
149,0.006004226348051062
150,29.40955716754985
151,29.982924306903875
152,29.5611363994497
153,0.0023912084257182342
154,29.99840864918461
155,8.205593907596946
156,29.220243707551887
157,29.651840223142578
158,29.07320726333281
159,29.999999999999467
160,5.359156859921954
161,0.0027592417227839576
162,5.30794391131664
163,0.0881420994338162
164,0.3975134105247635
165,0.08469625318374556
166,0.507810139146764
167,29.999999999969255
168,4.281499781228327e-18
169,2.245451402819974e-16
170,7.292701405730892e-17
171,8.896496151693474e-16
172,6.91170305448794e-20
173,5.2341861736203364e-17
174,5.7663320869197e-16
175,1.778079840996917e-15
176,6.405159838991496e-17
177,1.1091373912329872e-16
178,1.8481266147473435e-16
179,1.0234303486808674e-17
180,2.1764827542326566e-15
181,7.096807282592627e-16
182,3.5927108472888006e-16
183,7.903869834796912e-18
184,1.5628276349062364e-17
185,1.597650663855078e-16
186,9.333412386415253e-17
187,3.692133839755501e-17
188,4.588830915120902e-19
189,1.0173585061621355e-16
190,1.8064317973059173e-16
191,4.597273757973973e-15
192,4.239299517035233e-19
193,1.99375808050329e-17
194,3.19717091978606e-18
195,4.5166719224779145e-18
196,1.7724687243681776e-16
197,4.2946588377199175e-17
198,9.892910074846016e-16
199,8.809864607726957e-15
200,2.4294805996156873e-19
201,7.621871878754463e-18
202,7.2076595806596965e-16
203,1.0085492366431555e-20
204,1.1379756340010333e-17
205,8.037712278234252e-23
206,1.8798159348679326e-15
207,5.2665724198510495e-23
208,1.7263273083513466e-16
209,1.1040921381440369e-16
210,1.840249221263539e-16
211,1.3235882693709008e-15
212,7.891621403541724e-16
213,5.251841368485692e-16
214,3.089346825542375e-18
215,1.0229522158634485e-16
216,1.8907943491857652e-17
217,4.98704387027948e-19
218,6.758002543885417e-16
219,1.1660996046125953e-17
220,4.30588811510219e-21
221,2.6235258544461743e-14
222,4.0147658763440577e-16
223,3.8993394365986696e-17
224,1.0812584869449198e-15
225,5.967929080508765e-17
226,1.3946558752674605e-15
227,6.736902709820343e-18
228,2.608061563857377e-08
229,5.350721879142427e-24
230,1.1696758055779003e-16
231,1.6549497412098496e-16
232,2.533901851832499e-15
233,8.293487922146859e-16
234,8.769893295705619e-19
235,7.701703203461867e-16
236,1.5414093061426389e-15
237,9.830318037456682e-19
238,8.827280024144499e-16
239,2.642915338893627e-16
240,1.2947614140319493e-17
241,1.875589274983764e-19
242,2.5263598928400486e-18
243,3.357744665995585e-16
244,3.269513494237183e-17
245,1.3014617322485554e-14
246,5.161127034749447e-16
247,3.9684326826318514e-17
248,6.07737164741367e-16
249,1.183061564345115e-14
250,1.2567200146067008e-13
251,7.808479741493667e-15
252,2.4903110055665676e-17
253,5.25488046336292e-22
254,1.6714097997070302e-15
255,3.5046430704775407e-16
256,2.401993611169407e-15
257,6.692386930550451e-17
258,2.3589418410448343e-16
259,7.441339708703159e-16
260,2.337638072660924e-14
261,4.8618981047803103e-20
262,3.3537306133146035e-16
263,2.3638622280336472e-25
264,1.5496234910425333e-18
265,3.039033479424731e-19
266,5.5130802919646353e-17
267,6.302613711133077e-16
268,3.3432395465376015e-18
269,2.4681666368486015e-16
270,1.0413745757080532e-19
271,1.4350333500240675e-14
272,1.671689456859016e-20
273,9.218765702485402e-17
274,8.376896942780072e-19
275,2.512308290425925e-21
276,8.64137500494316e-19
277,1.1418702134259194e-16
278,4.825375951045011e-17
279,7.722186672780634e-18
280,9.493418163629391e-17
281,3.136326094162817e-19
282,6.114372298780974e-16
283,2.135742779942746e-16
284,9.11678501110659e-19
285,1.1394803740477062e-17
286,6.273158326954206e-16
287,1.6207679863839088e-18
288,2.8699402199747684e-16
289,1.5995839763574678e-15
290,1.2900341986895457e-15
291,1.396013329030823e-15
292,2.302839613662322e-19
293,7.797376530098586e-17
294,1.0699054526890294e-14
295,4.284199886303887e-18
296,2.4483833438808856e-15
297,2.8957111312766223e-18
298,7.44573120845324e-21
299,1.1045146172574989e-16
300,9.546309165604483e-20
301,2.1233024468733076e-16
302,4.542091385423888e-16
303,2.868105839913692e-16
304,1.874616387288113e-17
305,1.8850901422091682e-24
306,2.867840172816347e-16
307,1.0531459438638039e-14
308,3.627828018110602e-15
309,1.949572520787178e-17
310,1.6221953288950771e-15
311,3.3257093309591817e-21
312,4.8068559837650784e-17
313,1.0174948001687233e-17
314,2.5523315123224876e-24
315,1.9417034837867616e-16
316,2.3963002140626737e-25
317,3.463241730508374e-16
318,2.3194195272755575e-15
319,3.701140919117712e-18
320,6.624671618521379e-20
321,1.3947466847365499e-15
322,6.464205394463728e-16
323,1.39918246313581e-17
324,2.0414486798078364e-18
325,4.4260867198363497e-16
326,2.3949150762579286e-18
327,2.286503609771881e-15
328,6.068964652524301e-19
329,1.4745594335290288e-15
330,1.0315354657487485e-17
331,2.0680540346395618e-15
332,4.316544625569358e-14
333,1.4957396346955991e-18
334,1.9366665831151964e-17
335,7.6447313181457e-15
336,5.013710285864864
337,0.38708071636258934
338,47.445778804847606
339,1.805410738727318e-07
340,49.99999972333842
341,45.78286598537555
342,49.99999882198426
343,0.00017278767421025141
344,0.11750847031758598
345,7.158247189578454e-05
346,0.30234202979686586
347,0.0024970642923983167
348,0.003788618196730084
349,0.005162551716938512
350,48.4815243697507
351,8.443875008707294e-06
352,3.5566181092633996e-06
353,0.1114276177810661
354,49.97922817052827
355,0.001410181961225604
356,0.001041571570034882
357,0.06210132327580075
358,0.3941179246316797
359,49.99590431127885
360,48.502616811305394
361,2.9299545284791977
362,49.99999953370761
363,49.99860739849622
364,9.794688358189359e-05
365,49.99873901864696
366,0.037016654180749196
367,49.97986697912276
368,2.025006725351644
369,49.999998800726175
370,49.99999457606132
371,1.1313411954196211e-13
372,0.45423510614773116
373,49.99324232567681
374,39.07672911218318
375,8.136393538999232e-05
376,49.983302281510035
377,8.68054436285926e-11
378,7.891644175395124e-08
379,49.869346365468196
380,7.586445483230556e-05
381,49.924656486445556
382,0.05033908042544233
383,48.395184181785275
384,1.8429071809495135e-15
385,3.12920831016198e-20
386,0.5169211585423434
387,2.1268678049483377e-13
388,4.687877043190857e-16
389,1.0158365988115485e-15
390,8.66537577926632e-19
391,6.507934120363497e-20
392,3.488664147014026e-20
393,1.9854786799570856e-16
394,1.0232872675345818e-13
395,2.851288836836674e-16
396,3.617861902453388e-14
397,1.7883025748618032e-15
398,2.2167343335629888e-14
399,4.9700561363931166e-15
400,4.523342951892876e-18
401,4.700742689566714e-16
402,3.566619
403,2.8211066659931886e-23
404,2.0097384787147214e-19
405,4.805453633527218e-14
406,3.061799999999999
407,2.8288710000000004
408,3.579370950308627e-15
409,0.004596333372288135
410,8.021943755803006e-19
411,7.998483255701465e-15
412,2.4322821810406014e-21
413,8.904569721052728e-15
414,1.8744441812995553e-22
415,2.6516665262877297e-17
416,2.357348541295374e-16
417,4.766407358090279e-20
418,1.3550542201684332e-14
419,1.3002799551118427e-19
420,5.371000694664708e-16
421,5.874166714769915e-15
422,7.89534468560651e-15
423,1.4846563754354805e-16
424,6.171985184478667e-14
425,4.634077109575715e-19
426,3.1766348615843396e-15
427,5.317761929441972e-17
428,2.0936158868557233e-15
429,0.007625410537339488
430,6.945165761201401e-27
431,7.106776145249262e-10
432,9.085735330961047e-14
433,3.4016961238474943e-15
434,8.763649790669111e-06
435,2.589559823543535e-16
436,6.416816804472914e-15
437,0.23890383940128987
438,1.330798057312564e-14
439,1.2540595372608777e-18
440,1.212044649412705e-15
441,6.647368534261757e-16
442,4.3790721613400315e-14
443,2.915674199898081e-16
444,4.916179106545284e-18
445,1.4600575158620828e-14
446,1.1692395519696061e-14
447,1.4110585333586264e-14
448,1.8551560765856697e-16
449,3.1711435576140632e-15
450,4.895486134119247e-15
451,5.0630006635883124e-15
452,6.64058722391639e-14
453,9.976280022243768e-07
454,1.2985487705277023e-14
455,0.46799834683560004
456,1.1868366015412644e-14
457,7.026743297056398e-16
458,1.6987055859713837e-09
459,1.6941663566282716e-15
460,2.7139745571612166e-19
461,1.115132846279136e-16
462,1.0957324542548848e-19
463,2.6869219542378476e-18
464,2.5997064105256434e-14
465,4.982615537412073e-16
466,0.2675223999999995
467,1.7060081972031646e-14
468,4.8263773756999523e-14
469,1.279565590745477e-14
470,9.404830735757376e-15
471,6.689814388757403e-20
472,6.009718985543322e-16
473,5.381612013843103e-16
474,1.1271223420210728e-16
475,6.955266635808657e-15
476,2.1136624141683403e-15
477,8.369438598051571e-13
478,4.564859349900867e-16
479,5.850452031606637e-14
480,3.934015767107405e-15
481,9.479426900764425e-07
482,2.404285881277698e-11
483,1.0535379852273559e-16
484,1.835803335411329e-15
485,1.696795340384567e-19
486,9.409720618523946e-17
487,2.1537853617756878e-14
488,1.0482770037211929e-13
489,1.0130659858994883e-16
490,3.1727770675985516e-15
491,1.576966609344091e-16
492,2.4338051820022463e-17
493,8.971768492027837e-18
494,1.5808692771966618e-15
495,6.9720019940121396e-15
496,4.035808221890976e-17
497,2.2544604289703483e-14
498,6.083618230319448e-14
499,3.665073341015868e-16
500,0.314311
501,1.0539053965435314e-11
502,0.0004409331427235681
503,7.483570712856487e-10
504,0.43082693919461784
505,4.2427600276538445e-14
506,1.0162276857418421e-16
507,1.7388478227795336e-14
508,7.268280094091341e-19
509,2.9440002767520286e-16
510,5.9471967898083e-17
511,8.9018429469061e-20
512,3.0925208165445045e-14
513,5.251874617137965e-15
514,1.9194822996275747e-14
515,7.548344618841461e-14
516,5.444031556098348e-16
517,5.857797768968848e-18
518,2.626092146473408e-15
519,2.4279729491359266e-14
520,3.679838894523995e-14
521,5.117813707561159e-16
522,1.061679164982059e-16
523,4.194077375882967e-16
524,1.6585933435568352e-14
525,1.6821298167061597e-08
526,0.4856415591916752
527,1.9226829629043705
528,6.995904492547963e-15
529,2.171894720204288e-15
530,1.570712688001727e-10
531,3.7483234385161883e-16
532,6.057623255125032e-17
533,4.5050842955609114e-17
534,5.508830860497912e-15
535,2.951268324357021e-17
536,2.293609988060414e-16
537,5.195462356371888e-17
538,4.3628152570763405e-15
539,1.0994079639068866e-17
540,7.121868532824405e-20
541,2.1788252421589925e-18
542,1.2690502394997645e-15
543,7.508093369601675e-16
544,3.4136756279840226e-17
545,2.8811999860112695e-15
546,199.7390905339681
547,2.1372155765063355e-16
548,8.110688396066368e-16
549,2.0627062330460075e-15
550,6.77601180618678
551,6.869436658838417
552,2.320516381903538e-18
553,7.70869310208085e-16
554,1.810950678495658e-16
555,2.9664842663760154e-19
556,6.499201156826046e-17
557,6.669316545030807e-17
558,1.7962108145149162e-17
559,2.0509516084933697e-20
560,3.16312427355046e-18
561,1.122742977548612e-15
562,3.232880905117038e-16
563,1.2430085751442732e-16
564,2.3685906801041467e-17
565,6.586267807877404e-19
566,2.5734229557241216e-20
567,2.851895066423263e-18
568,1.2756655086899293e-15
569,1.6002256241676488e-15
570,2.333681099943898e-18
571,7.182333638707095e-15
572,5.842809820160518e-19
573,6.249807699545459e-15
574,2.7672349188415054e-15
575,1.8515852747163286e-15
576,4.30926544863426e-16
577,1.48067152312346e-16
578,9.496667550838674e-21
579,5.689019251437084e-19
580,1.4448753715154327e-17
581,5.892636308622268e-15
582,2.73603383074298e-17
583,3.0211917286956893e-15
584,1.6112378992333741e-16
585,1.4235325886361802e-16
586,2.912387079224587e-16
587,1.4571821686758357e-17
588,3.6726583651216994e-17
589,7.959201412575315e-17
590,4.73126355613336e-32
591,2.451542707442509e-18
592,6.433335811595997e-20
593,5.349478517283407e-17
594,5.1748494745685855e-15
595,8.575024474636938e-15
596,5.740709726831171e-21
597,2.702559217304865e-16
598,5.903586008809152e-19
599,9.99348864509704e-09
600,3.009210541534626e-16
601,1.1362674075388822e-16
602,2.004013881405494e-16
603,9.879574270796845e-18
604,2.3469053732496826e-16
605,2.128682005581754e-15
606,3.5624135680828865e-16
607,2.834772144096358e-25
608,4.012017455634421e-15
609,6.006158140413106e-16
610,189.85373607596796
611,1.9299439636153419e-16
612,4.1440266951664796e-16
613,1.790860532182433e-15
614,5.089534842073698e-19
615,2.8984127284567427e-15
616,1.2413181377249135e-15
617,1.19163409846704e-17
618,9.274086358504296e-16
619,1.3287612960917497e-16
620,2.1077461919122646e-15
621,2.644043263726804e-22
622,1.0005886651679323e-17
623,2.374611903394166e-10
624,1.4975110483229715e-17
625,6.948469617751236e-22
626,2.9671842506645177e-16
627,2.1201662167078533e-19
628,4.271324660775389e-34
629,9.97804473142745e-19
630,1.3333099017789709e-15
631,1.9322383701899545e-18
632,4.396367510884925e-15
633,2.6271954375999136e-16
634,1.7066294761099166e-15
635,2.5385774469256243e-16
636,4.130650048543242e-14
637,5.634189376727208e-17
638,7.827430659299988e-16
639,2.6380598415965086e-17
640,1.3902977643665129e-15
641,2.023256532050411e-15
642,2.1587690470398676e-17
643,2.7840820488154103e-15
644,185.21223535420657
645,2.3644577718798183e-12
646,1.925425369025955e-16
647,1.8727518240985896e-13
648,10.718593087014217
649,0.0
650,1.7793907545377483e-09
651,5.668435915884838e-17
652,3.613249375187188e-15
653,1.0139181176730525e-15
654,9.895209344173461e-18
655,6.71019465452582e-23
656,2.835945751912298e-19
657,3.1480737291180893e-17
658,1.5770956954592217e-15
659,2.614481583217405e-16
660,4.565821899334633e-16
661,6.3203004423935125e-18
662,6.807322947717619e-21
663,2.3787396122656188e-23
664,5.687217104815865e-17
665,2.6343532191850203e-17
666,1.446467196279012e-16
667,1.674777486457823e-18
668,9.959609827360683e-18
669,6.313993377244296e-18
670,1.0836833384436798e-16
671,8.94847980486877e-08
672,3.352623979188286e-17
673,0.038703539662887906
674,6.785285320178131e-05
675,9.60308315285064
676,9.964281367097493
677,3.044372693241532e-15
678,9.994304079702069
679,6.2233787134701295
680,9.999969512319844
681,0.12283859611064425
682,0.2936613070316002
683,3.4662362050221906e-17
684,7.95268081787778e-15
685,3.92560535268472e-06
686,1.1861044054876082e-06
687,9.952986118396193
688,0.004253703201749328
689,9.999967953591046
690,6.756114265188801e-16
691,0.5289157914139018
692,9.999269755505704
693,1.3835405799651736e-10
694,7.708983811627168
695,1.4564477460216368e-05
696,1.871363585199204e-14
697,0.003950930969234775
698,19.873802709984044
699,1.3367230576038168e-14
700,19.8567365120061
701,19.983456000216826
702,19.99781112691511
703,19.999999999999993
704,19.999999999966438
705,19.999999999998344
706,19.99999999999997
707,19.74193551571917
708,19.997585163492246
709,6.456203259939264e-05
710,19.999999973002737
711,19.999989436581824
712,19.9909151307212
713,7.513496037891379e-09
714,19.922305705526085
715,19.993306774808953
716,19.981998092426796
717,4.620147123905214e-09
718,0.2604761653633497
719,19.28891399944207
720,3.9999999999988036
721,3.999730033344678
722,3.419339721297348
723,0.1410218819848076
724,3.9999956891082853
725,3.9982996164887012
726,2.857317324601178
727,3.9888760776555894
728,3.999982297372325
729,2.9851146426630697
730,3.998565042393366
731,3.997278037178577
732,3.99998758487634
733,0.004969186810862341
734,0.10298970554578103
735,3.983964353571414
736,0.06685575438539397
737,3.9461110334773046
738,3.277532176475445
739,3.9998782468210172
740,3.975563668121839
741,2.895936310571795
742,3.8224971024495766
743,0.2737717284239957
744,6.654005587126808e-15
745,0.3876902342532403
746,0.0014372583159604358
747,4.320628494792828
748,9.996172120347957
749,3.0249665345173313
750,0.0007770821224374727
751,6.092380782462268
752,9.998647721406318
753,0.0002465495068108484
754,4.391885841789046
755,9.999988588918146
756,9.99003978692771
757,8.95980305695404e-06
758,9.999765411077773
759,9.591435588337944
760,9.97984387350845
761,7.359468121729404
762,9.99999999997922
763,0.04001939517272558
764,3.1151908084256643
765,0.04596896137283324
766,7.771371920920623
767,0.3527495656244555
768,1.1411637583466528e-16
769,19.99999836774155
770,19.99999686964196
771,0.12015879151189454
772,1.8551104557728797
773,0.06896434184689998
774,0.0005598193123393202
775,4.043907443955653
776,19.9999992203045
777,18.74437243635728
778,0.14022132162687062
779,0.0018588634065637827
780,19.979561000773195
781,0.32553322110622024
782,1.216363140750601e-14
783,7.308564394344702e-16
784,19.99493691673817
785,19.999993411047804
786,1.6824474030902703e-06
787,19.58904264773154
788,0.001242250575180019
789,0.09839434473775893
790,0.9235041965513648
791,0.5181859140401939
792,1.3732910874319067e-13
793,3.999500434234168
794,2.1220087743466216
795,3.9602164261834547
796,8.612542248788918e-05
797,8.444867232046616e-08
798,4.529400742258749e-19
799,3.998948027220494
800,3.821995160253008e-05
801,1.0968398091507355e-08
802,1.9350411763462364e-07
803,3.997955466029565
804,3.998349637229274
805,0.004834015225653365
806,3.999234342229072
807,4.348037200023312e-08
808,0.0734960643172243
809,3.9994792650905397
810,3.9999999954142176
811,3.5267615763438034
812,3.9999526580749527
813,3.996122501777177
814,0.00772939639514171
815,1.338088044059514e-06
816,0.6638476927881028
817,99.99999995416385
818,4.233262465754037
819,99.99999919580956
820,99.99003721338471
821,99.99999999999713
822,99.83689951966933
823,0.0070352123416814035
824,99.99943600478963
825,89.3503614821851
826,1.037126479132096
827,0.4499780953082753
828,0.14426828737311065
829,0.19973905139455672
830,60.3139705172282
831,91.51496882824912
832,99.99998693315693
833,99.57429841303521
834,99.79330892058262
835,99.99999971413268
836,94.96356964797124
837,99.99990304530456
838,0.08196014686854988
839,9.292608761175421e-05
840,0.042118719852479516
841,99.52566879710847
842,99.99999996239703
843,2.6881356356153815e-07
844,99.99525134276551
845,6.214081227044129e-06
846,99.97132498498317
847,99.9995188142807
848,99.98641020264978
849,14.317859427710827
850,7.485778372030964e-07
851,1.2380455961859569e-17
852,4.75468653748668e-18
853,1.6265827470878345
854,4.334373043601292e-14
855,99.9999972969344
856,3.763757275221699e-15
857,99.99979652039151
858,27.560790304675287
859,2.9834514928481554e-16
860,1.4808447110740963e-13
861,99.96281823139934
862,99.99340133785424
863,1.8499323285012965e-12
864,82.48137958050116
865,99.9999999403861
866,0.002331190509352847
867,99.97783838280569
868,1.1113279916387485e-15
869,9.962146013792699e-14
870,1.0146326452206231e-13
871,2.1990732173483844e-13
872,4.186747625590515e-13
873,1.1212841632310233e-14
874,7.563478151052552e-15
875,2.2222693455927633e-18
876,1.2977364686102976e-15
877,0.2054407440787048
878,99.99810406516832
879,4.85263143235706e-15
880,14.658788715892154
881,1.2904592688065825e-14
882,8.834201034876534e-14
883,1.2532761216763828e-16
884,4.60690778420002e-13
885,1.9911579605950744e-14
886,99.99999398232866
887,99.45827069058052
888,1.7580368837725589e-07
889,7.365159871209246e-09
890,1.8728471721969656e-06
891,6.5477565405519524e-09
892,0.0003119836105969991
893,0.9999999999998961
894,0.16432856315565314
895,6.8218851738356465e-06
896,0.8782784590925329
897,0.007706373223912327
898,0.9319803949731225
899,0.9863103065293681
900,0.0010092085440335983
901,1.850683319065925e-06
902,0.9999896304630623
903,0.04962752835598711
904,0.0005692868884221282
905,0.9999999999591056
906,0.03862311144165427
907,5.729486460271194e-07
908,0.9688639589403394
909,0.999994663083608
910,0.004495445832872606
911,2.0777100054029955e-08
912,0.09431179783970717
913,0.4425221565997492
914,0.019106033430180216
915,0.9989651864253805
916,0.48482017854125536
917,3.753637047826156e-06
918,0.19866132024023153
919,0.999821453747257
920,0.9999999925294698
921,0.9999998916916926
922,0.9958150783715303
923,0.95151453927825
924,0.9999582875579374
925,0.9999999999999998
926,0.9999875244142579
927,0.5982374244863722
928,0.9760066365817535
929,0.7499853183798171
930,0.046326813078800474
931,0.9999999999999938
932,0.9999891126768572
933,0.9950727077218294
934,0.32065504739691475
935,7.089852566543893e-06
936,3.147782734891339e-08
937,0.9895073748879343
938,2.042787147785774e-07
939,0.00021998230193706435
940,0.3006236924918043
941,0.019165517818820622
942,0.003426603465697283
943,0.0010008769918628093
944,0.9999988365154022
945,0.9995612778152347
946,0.0053930694714768215
947,0.9813207567424941
948,0.9955574265400104
949,0.9333275353467991
950,0.9567240667976438
951,0.9975171073398988
952,0.6252804600925488
953,0.9198984814457702
954,0.9999973299927252
955,0.9828839367373087
956,0.999998833470932
957,0.06372584825486516
958,0.9999789203654748
959,0.49255995452111995
960,0.05707270799070906
961,1.3773517184827488e-06
962,0.0021380619183093462
963,0.6980985366482182
964,3.541435493607669e-12
965,0.034554307066015394
966,0.16354924765374265
967,2.1576847521291013e-05
968,0.9991395552027771
969,0.9885155432331094
970,0.9547879876943767
971,0.9913026766516533
972,0.9996059533995452
973,0.4104109234759449
974,0.1944784811964737
975,0.9999920254342911
976,0.9999999997872792
977,0.0006324044166854572
978,0.9670655141557636
979,0.9999930602202423
980,0.9090806316020925
981,0.17644298915189355
982,0.9986262633961929
983,4.154392279389035e-08
984,0.864386199465772
985,1.7434679035545716e-07
986,0.9853400286493202
987,0.9985349102377472
988,0.9814970406202882
989,0.9999998574333733
990,0.8660962797774889
991,0.9827630651510301
992,5.834524476166119e-09
993,0.9995991843650979
994,0.5435925503543707
995,0.03383002074015559
996,5.326529584759925e-05
997,0.002158881935277929
998,0.0031348466185958804
999,3.4645715622067516e-05
1000,0.9999994879732741
1001,1.5988741357273429e-06
1002,8.455558810453791e-07
1003,0.09829746801587803
1004,0.9968503901962181
1005,0.001724607227582338
1006,0.16464186420865473
1007,0.9242985482368019
1008,0.9126192654750787
1009,0.9999700647143455
1010,0.8863215449651951
1011,0.00013395851874230293
1012,6.778273254454475e-08
1013,1.1394938119820779e-07
1014,0.00034627064758980055
1015,0.9985835701851875
1016,0.998204725114173
1017,0.007316320210765914
1018,8.482852728613035e-05
1019,5.0715360272393385e-05
1020,0.0838517454823557
1021,0.9962881592292998
1022,7.688907026583283e-07
1023,0.9977970566575335
1024,0.32953121123452833
1025,0.033697143459700374
1026,0.8871821085316277
1027,5.120595938659175e-06
1028,0.999478201251376
1029,0.08317028436520725
1030,0.9906936968711191
1031,0.9572840775253673
1032,0.9979280650466349
1033,0.005502991491241624
1034,0.9999999981733119
1035,1.833741933745694e-05
1036,0.0016424457708709797
1037,1.7436730700656659e-06
1038,0.8798992293168064
1039,0.9998878585482269
1040,0.2827407522833784
1041,5.055801821928543e-14
1042,0.007935511577648114
1043,0.00044453844168096797
1044,0.0002025704917527898
1045,0.019361985332368853
1046,0.9595009391927518
1047,0.4559016543899963
1048,0.9999999487662807
1049,0.09354809006939827
1050,0.9999999999999998
1051,0.9384606236649984
1052,0.999843130399952
1053,0.9998210765676419
1054,0.999998025376896
1055,0.9999964303773866
1056,0.09753987865915277
1057,2.2418309813052344e-07
1058,0.9999658037612096
1059,3.871283347986312e-05
1060,0.17769663962268725
1061,0.2000166770444099
1062,0.2246760645444454
1063,0.11928510810128894
1064,2.568477048631752e-05
1065,4.04649027177642e-05
1066,0.00021007209389058701
1067,0.0022350956050745294
1068,0.0001410929658482672
1069,0.2978232073149666
1070,0.029068324673982952
1071,0.00030703558413821446
1072,0.04518488180283143
1073,0.0059064478930658144
1074,0.9999355410265129
1075,0.0012080924155744425
1076,0.00041472170199174224
1077,0.005334265697251994
1078,0.5816568165082868
1079,0.9788979023314489
1080,0.992928586281604
1081,0.000215182892795088
1082,9.944666360592954e-06
1083,0.4311978189978145
1084,0.0007354543888912573
1085,0.3189061953796236
1086,0.004764095768385293
1087,0.0002513444505725868
1088,4.5281138472789343e-11
1089,0.009057083693240816
1090,1.7061962218527565e-07
1091,2.1979305735038158e-10
1092,6.599115547421108e-07
1093,6.299124618909232e-06
1094,6.92230929014242e-05
1095,0.9999246559956833
1096,0.003120117827050386
1097,0.0076027181879178354
1098,0.9999999595290032
1099,0.14310521484632144
1100,0.9850882021841705
1101,0.9999985538276324
1102,4.123403850342665e-07
1103,0.031053908139635746
1104,0.00013173160814701002
1105,5.47949023042314e-05
1106,0.04073275155311799
1107,0.23762997322855237
1108,0.11098678447248506
1109,0.006690577590050867
1110,0.9473245095258434
1111,2.8093230923321776e-08
1112,5.025738458244346e-05
1113,6.867420380990465e-08
1114,0.00020704707125598947
1115,0.10855618331902608
1116,0.0010067612767596977
1117,0.00619481249233426
1118,0.00013542107302578642
1119,3.755008711074672e-05
1120,0.019776466966761334
1121,9.896469078404137e-05
1122,0.0005758202464819194
1123,0.01713282665632366
1124,2.7833709150346575e-05
1125,0.22662104601269098
1126,0.9999999994941622
1127,0.9999670894877513
1128,1.3327573645741904e-05
1129,3.7360574521379725e-13
1130,0.00039600070049405174
1131,0.03821478429699603
1132,0.0009928335959475656
1133,0.2779534535583091
1134,0.4142468485303451
1135,0.9838781251975982
1136,0.03385638004555605
1137,0.012472374398871224
1138,0.9995981947103021
1139,0.0005485927365380122
1140,2.5065445379367926e-09
1141,3.135618468251484e-05
1142,0.0019584657471523547
1143,0.10903804666486605
1144,1.5082785216343546e-07
1145,0.00047113566764304466
1146,0.04449474679205827
1147,0.056458522293322634
1148,0.00014317640114233768
1149,0.452696903139127
1150,0.9833745745408657
1151,0.8433043153781176
1152,0.3854079288227173
1153,0.00010020050733569935
1154,3.2902720765999386e-10
1155,0.004784643545879767
1156,0.14381976615123399
1157,0.034286640065845045
1158,1.657154458884906e-06
1159,0.00010394672281607561
1160,1.9277550125792094e-05
1161,1.244885577841679e-05
1162,0.061995954681410545
1163,0.07860013308039054
1164,0.9998831131127706
1165,3.761997370516066e-06
1166,1.6781242219155146e-11
1167,7.808440584864883e-08
1168,0.19031713520794674
1169,7.665421169289374e-09
1170,0.1835801954743616
1171,0.0019461121915064835
1172,0.999998482469636
1173,5.776526677315973e-08
1174,0.00021114159033446103
1175,3.097350075315639e-08
1176,0.9997307597761302
1177,0.0030834803420329996
1178,3.039629446321039e-07
1179,0.0006548334265413084
1180,0.08302899566411087
1181,0.0006947901405817351
1182,0.048781150422813266
1183,5.132354776080537e-09
1184,0.9995625337076426
1185,0.0001712490798877609
1186,0.0007470566095492733
1187,0.0006193798465635857
1188,6.635431849657546e-12
1189,0.9999151955839541
1190,0.0017827713185958791
1191,0.9948339950118705
1192,0.00044627370224926564
1193,0.014781608358432558
1194,0.9970274853124426
1195,0.08797206395581848
1196,0.06566254954949546
1197,1.516046148350138e-06
1198,0.032000988268690966
1199,0.9997057286350403
1200,0.9998161628968995
1201,0.9994492404064101
1202,0.9999697403413003
1203,3.5788994095424073e-06
1204,0.00819602253045042
1205,0.9936232368232278
1206,0.3737215945616042
1207,0.19778150690089025
1208,0.0005530851698852431
1209,2.4278146590308707e-06
1210,0.008229435484433823
1211,0.9746909553495118
1212,0.999999784612642
1213,1.4759184318181135e-09
1214,0.32564109174370054
1215,0.011069111734211932
1216,0.00037165511885369623
1217,1.2608045841051816e-06
1218,0.9991392415603182
1219,3.721375516353129e-05
1220,0.016359080287635653
1221,6.678435858279222e-09
1222,0.11881383525480227
1223,0.042752836306089524
1224,1.0799287407101218e-06
1225,0.98799020335538
1226,0.012701494878868668
1227,0.9999999999242561
1228,0.4180582286711989
1229,0.10628558169646513
1230,1.7621895243662584e-05
1231,0.9997762482473078
1232,1.0461082826470846e-05
1233,0.9999961507695088
1234,0.9996349784852674
1235,0.9999854511840951
1236,0.9999999999999745
1237,0.04922917286964351
1238,0.9989416189680043
1239,0.006297753538695702
1240,0.9910210328214044
1241,0.017312075979297945
1242,7.613476184115356e-06
1243,0.9999999722508561
1244,0.9392847202750658
1245,1.1072319559286536e-09
1246,0.8881883197908786
1247,1.824697672096386e-05
1248,0.42989793656766706
1249,6.457499528777755e-08
1250,0.9999999999351606
1251,3.5847231794066035e-05
1252,0.9981276961182725
1253,0.9858758150944666
1254,0.9999999986391125
1255,0.999999961773891
1256,0.9998802127420685
1257,0.954376992299689
1258,0.9998120677430408
1259,0.9993617416764029
1260,0.994885449131458
1261,0.0432293034045916
1262,0.0008814312251649644
1263,0.9742680948487775
1264,0.0002351662456605589
1265,0.8860004265396504
1266,0.5828873774240844
1267,0.8707627831044171
1268,0.9582307920095675
1269,0.9991135025688133
1270,0.9986536103278223
1271,0.9630986730473077
1272,9.375456800523019e-16
1273,3.198339323832551e-05
1274,0.006986678932249105
1275,0.5110918112988837
1276,0.9946992025548433
1277,8.896926510970016e-07
1278,0.9253522281037607
1279,0.9931952492927776
1280,0.24145079538993874
1281,0.9999901568495344
1282,1.0728557952272275e-08
1283,0.814897463398468
1284,0.9999990999796344
1285,0.9994702068607385
1286,0.0005261963169825312
1287,0.9456776115120029
1288,0.9489839858718305
1289,0.9906196637852327
1290,6.132037234290685e-05
1291,0.9971156818617862
1292,0.07070438070871736
1293,0.000491950267871642
1294,0.004383448062647015
1295,1.846657264447958e-07
1296,0.6991329260442778
1297,0.015881572987027318
1298,3.977538518588581e-05
1299,0.43182333966796516
1300,0.0011788371589848488
1301,1.0913201108739196e-09
1302,0.030338266783192507
1303,0.2374738859323316
1304,4.70185668926247e-05
1305,3.529394534379133e-08
1306,0.004493518572975035
1307,0.0765417238560734
1308,0.48070311499776175
1309,0.0012209765606654838
1310,0.9986734024809636
1311,0.9967273779399535
1312,0.06051590376872299
1313,0.00042681105489841397
1314,0.41157276034039586
1315,7.148777487335576e-05
1316,0.07959164657286164
1317,0.17711366934297232
1318,0.017945164111743146
1319,1.728557011478832e-08
1320,0.9997172298903242
1321,0.005283812297683371
1322,0.023848227125929485
1323,2.673465924456974e-07
1324,0.05108029455524815
1325,0.014164452590571086
1326,0.99997041733462
1327,1.3916288245461984e-05
1328,0.0006308894164919153
1329,0.406224939932574
1330,0.0007955248622135533
1331,9.414437752871819e-11
1332,0.0005520255081798371
1333,5.4970181494611795e-06
1334,0.07178014174503466
1335,2.1302127794514216e-12
1336,0.26861599695976474
1337,0.1935530218151246
1338,0.2956679346562382
1339,0.47473447367058386
1340,0.0022712841653394896
1341,3.3401223016792006e-05
1342,0.9978280760157878
1343,0.002935044354167317
1344,0.9999546349713984
1345,0.9994308775837943
1346,0.999999988038765
1347,0.8047103478700798
1348,2.121553468267081e-07
1349,0.9683961862272668
1350,0.9759149445008274
1351,0.5896513198878061
1352,0.9999860340912324
1353,0.01408041424787691
1354,0.999999565412919
1355,0.6368885802356077
1356,0.9999999629272422
1357,0.9999999999998381
1358,4.291091279449191e-07
1359,3.9527248597277916e-11
1360,2.1298007746957295e-06
1361,0.19160907447853856
1362,2.954662527359619e-19
1363,0.9815418575124197
1364,0.07890361333607626
1365,0.999999814899674
1366,0.9999995991547745
1367,0.9999999784540724
1368,0.6783867417126268
1369,0.000770833146631413
1370,0.12323695165642105
1371,0.9987455446171389
1372,0.9996546507008672
1373,2.2669504497672417e-05
1374,0.999999999999327
1375,0.9962798884999781
1376,0.999999842001863
1377,0.9168868235766408
1378,0.03751386428725411
1379,0.9995754135836972
1380,9.872445558789894e-06
1381,2.9252780328908096e-15
1382,0.0003052414613419341
1383,0.9849526694747694
1384,0.9769704044503532
1385,0.9999999999999837
1386,0.9985372644367689
1387,0.9999783479474404
1388,0.991518063292476
1389,0.0043574908969268265
1390,0.992175917150119
1391,0.9982719850348506
1392,0.999996311726809
1393,0.14851317003479403
1394,2.1178693671440003e-09
1395,0.8635847744733953
1396,0.9999981970268977
1397,7.882836894886036e-09
1398,0.05708080048657008
1399,0.01692180600256835
1400,0.9721278285895832
1401,0.9999999297071352
1402,0.9950312162430498
1403,0.10341715310297156
1404,0.0002595309920803277
1405,0.5910565545850996
1406,0.47262498139254
1407,4.705228608899734e-05
1408,0.6222219598868888
1409,2.384568180406567e-08
1410,0.006285037637721051
1411,0.8896621499881008
1412,1.7649735808329227e-05
1413,1.0
1414,0.9976056192589122
1415,0.94130749143441
1416,5.081575082317498e-06
1417,8.76613448235426e-06
1418,0.9708484430843733
1419,0.1620097325429484
1420,0.0023504508124489393
1421,0.9999193100798929
1422,0.9905888538624481
1423,0.9370146546854785
1424,0.9999999999969007
1425,0.04418028187780422
1426,3.0353418980524292e-05
1427,0.060566851930954194
1428,0.03193851079579507
1429,0.6132475692304817
1430,0.9554214265003877
1431,0.99851456277225
1432,0.9986076425179107
1433,0.9963096529681335
1434,0.9997996955862192
1435,6.996180654269961e-11
1436,3.603046180126946e-08
1437,0.9949175574368317
1438,0.10303945815544249
1439,0.6897800782610422
1440,0.9998816786854445
1441,0.00032950632128903246
1442,7.180593858449868e-06
1443,0.993653779454313
1444,9.405865577980123e-09
1445,0.999376430591375
1446,1.1629495705354216e-08
1447,0.008789436405993039
1448,0.00014835364078012926
1449,0.9999197674281128
1450,0.9283206499629373
1451,0.04644585247090869
1452,0.17662700269171028
1453,0.22977362619357977
1454,0.9999988240976583
1455,2.2853465376832541e-07
1456,0.9999979045685059
1457,1.8515255700903473e-05
1458,0.13362460411985172
1459,0.9990584321255435
1460,0.004173028801843782
1461,0.9843220556262746
1462,0.9896828800948814
1463,6.608210280651566e-05
1464,0.9971754999779772
1465,0.998432567776794
1466,0.7732757094641506
1467,0.9999947700982684
1468,0.9987955711656058
1469,0.8996293767294383
1470,7.11501022443998e-11
1471,0.9999522965514174
1472,6.829545002643547e-10
1473,0.9998175736862325
1474,0.9999438626665836
1475,0.010044642104163202
1476,0.20245073470891986
1477,5.130419548246053e-11
1478,0.999883424020527
1479,3.9717188535923716e-05
1480,0.9994178227759889
1481,8.579893899043629e-08
1482,0.999901851872095
1483,0.9995980133830429
1484,0.006192076965982419
1485,2.5742042878795826e-06
1486,8.011446471379839e-06
1487,0.0031288969321493416
1488,0.0026696159053894116
1489,0.9997212398887437
1490,0.9998416038573019
1491,0.4161075656610691
1492,0.9734925225252565
1493,0.9999993452812803
1494,0.9800565019405159
1495,0.9999920788948621
1496,0.9999939230630492
1497,0.0011224088772226013
1498,0.7511494434448691
1499,0.5625613629279695
1500,0.7125545154402432
1501,0.9713392777071399
1502,0.9945625209392503
1503,0.0011572872963034734
1504,0.00018050358762505744
1505,0.9999999252539805
1506,0.9049502057596424
1507,0.0005431986037595381
1508,0.03032717083546399
1509,0.9999999484903443
1510,0.0005966489088075661
1511,0.07945492219199449
1512,0.9999150088973244
1513,0.9993277105634188
1514,2.545886620199464e-07
1515,0.9999832819953715
1516,0.9835383140408733
1517,0.8307154455893385
1518,0.0030195170829665275
1519,1.929735574929309e-11
1520,0.011065322526625624
1521,3.133467753432094e-09
1522,0.004732852954030648
1523,0.9980202158041644
1524,0.9999999993521295
1525,0.0004672596832657191
1526,0.9999999999902749
1527,0.9998135579070806
1528,0.999940962542742
1529,0.9999999999998944
1530,0.995141028337391
1531,0.0023910613257505193
1532,0.05072643463132932
1533,0.0010474227365458856
1534,0.9999999385943914
1535,0.013064684713033172
1536,0.9999745245433347
1537,0.004069962237871002
1538,0.99981075616985
1539,0.9875220188447037
1540,0.9810050246860383
1541,0.0018577064706182004
1542,0.12335890912729197
1543,0.9666831665676872
1544,8.25676879071273e-06
1545,0.2977845975209129
1546,0.9897177449804981
1547,0.9999999999999313
1548,0.00029519264405753354
1549,0.9997664686525015
1550,5.189570672102089e-07
1551,0.9993766409188004
1552,0.9999999995330074
1553,2.3321322442085235e-05
1554,0.9997577164999855
1555,1.3482460844041387e-05
1556,4.983606124009481e-07
1557,2.897846826938548e-05
1558,0.021678445435200266
1559,0.0010627842719769679
1560,0.277801598375938
1561,0.9999988482252898
1562,0.09377566429199016
1563,0.9993030875791431
1564,0.9419681374418211
1565,0.9996407509545906
1566,0.9222984984143439
1567,1.6952677035237356e-07
1568,0.9661872248111251
1569,0.9999745853987094
1570,0.999475153638246
1571,0.9999985959033629
1572,0.9999945724780721
1573,0.23907364361852712
1574,0.9424855415470959
1575,0.9861868793046534
1576,0.21908291059093077
1577,0.9999437444914905
1578,0.0001321063384937243
1579,0.029337380127822377
1580,0.8436211069109373
1581,0.0026560602764104466
1582,0.26708818131738754
1583,0.9887350671987931
